10.0
0.13539160873
3.38026790442
-0.0032937780674
1.14007683547
-0.0145381726746
0.384391687868
-0.00915479144683
0.129619026377
-0.00448905157557
0.0437152134427
-0.00197375407789
0.0147330922385
-0.000799415405952
0.00494156566097
-0.000287168861316
0.00163161367607
-8.02644375089e-05
0.000521461861092
-9.70545052681e-06
0.000159053467648
6.39203002173e-06
4.6293567312e-05
5.96841154277e-06
1.31061967679e-05
3.16190920735e-06
3.72903210533e-06
1.33898337218e-06
1.09808458326e-06
5.02420588688e-07
3.38052075222e-07
1.76333012192e-07
1.07853070475e-07
5.98000600149e-08
3.51364572992e-08
1.99643341858e-08
1.15577858395e-08
6.62318022648e-09
3.81587739184e-09
2.19244000732e-09
1.26152954749e-09
7.25457027784e-10
4.17374579342e-10
2.40078179559e-10
1.3807444077e-10
7.93409782318e-11
4.55386839349e-11
2.61071164687e-11
1.49587009446e-11
8.5886853185e-12
40.0
-0.102402818402
13.3442613496
-0.0450276071147
4.45106401525
-0.0179696724688
1.48462490741
-0.0069193319789
0.495178957868
-0.00260261803921
0.165143092004
-0.000933586518883
0.0550246650175
-0.000263341076241
0.0182499021918
1.72950499149e-05
0.005968786082
0.000111351602065
0.00189841328073
0.000107872749311
0.000581268642129
7.04622100542e-05
0.000171934377995
3.63294616363e-05
5.0121014695e-05
1.58834545516e-05
1.48080466076e-05
6.19317868455e-06
4.5243170419e-06
2.24144746142e-06
1.4333165268e-06
7.76453674689e-07
4.66164543411e-07
2.62926242556e-07
1.53811228643e-07
8.81243522599e-08
5.10731439363e-08
2.94171513815e-08
1.69982996567e-08
9.80625003422e-09
5.66203794961e-09
3.26823368368e-09
1.88705939763e-09
1.08960307443e-09
6.29114538242e-10
3.62994967418e-10
2.09269046536e-10
1.20415677429e-10
6.92281787451e-11
3.97832877752e-11
-40.0
0.103449635613
-13.4039526759
0.105120609209
-4.50458045086
0.0712715363537
-1.51672108051
0.0386002987092
-0.511210947797
0.0182814112206
-0.172386978375
0.00794874234366
-0.058098250043
0.00320650451463
-0.0194889689625
0.00115274945609
-0.00643745635507
0.000325360976385
-0.00205905879596
4.22769696939e-05
-0.000628750264367
-2.35606011056e-05
-0.000183192302377
-2.2961154615e-05
-5.18849652096e-05
-1.22951449235e-05
-1.47627187079e-05
-5.21901590389e-06
-4.36664454639e-06
-1.93192951947e-06
-1.38243662917e-06
-6.37354622413e-07
-4.85092392921e-07
-1.71575596397e-07
-2.07224147175e-07
-1.6621175547e-09
-1.32862064461e-07
7.20698540846e-08
-1.22061068808e-07
1.04237326326e-07
-1.20944321225e-07
1.148572224e-07
-1.20817265525e-07
1.19102447016e-07
-1.18907721003e-07
1.11195014085e-07
-9.80673870998e-08
7.81300499852e-08
-5.57653034861e-08
3.47794735234e-08
-1.97456859752e-08
1.2852588327e-08
-1.42749030374e-08
2.18595630486e-08
-3.24145492669e-08
4.27176800599e-08
-5.05458483957e-08
5.48363221498e-08
-5.53671526404e-08
5.22969045846e-08
-4.60211833087e-08
3.73027653211e-08
-2.73514544347e-08
1.76251653272e-08
-9.41644096031e-09
3.46852147004e-09
1.30976118839e-10
-1.80597581334e-09
2.19949569669e-09
-1.92197191495e-09
1.41574574286e-09
-9.25636456373e-10
5.52171641743e-10
-3.04067881984e-10
1.56365587145e-10
-7.57687246278e-11
3.42250672247e-11
-1.52038381884e-11
5.89928106365e-12
-2.56150656242e-12
8.66862137627e-13
-2.62900812231e-13
2.64677169071e-13
1.65201186064e-13
2.18491891246e-13
1.59872115546e-13
1.04805053525e-13
2.30926389122e-14
-5.68434188608e-14
-1.06581410364e-13
-1.35003119794e-13
-1.42108547152e-13
-1.01252339846e-13
-6.39488462184e-14
-1.06581410364e-14
4.4408920985e-14
7.63833440942e-14
8.34887714518e-14
8.52651282912e-14
6.75015598972e-14
-10.0
-0.0175302212389
-3.17020555629
-0.0749958860106
-0.898793889423
-0.13520617519
-0.249483551984
-0.111289649126
-0.0955700904075
-0.0660530022751
-0.0509473418457
-0.0395182982321
-0.0315215782686
-0.0256226286287
-0.0211895760144
-0.0177837003663
-0.0151181652721
-0.012997307012
-0.0112849504028
-0.00988426724021
-0.00872508654717
-0.00775566624565
-0.00693724650247
-0.006240371632
-0.00564236032521
-0.00512553593097
-0.00467596887612
-0.00428256995672
-0.00393642775708
-0.00363031838657
-0.00335833848693
-0.00311562753173
-0.00289815556435
-0.00270255941949
-0.00252601523518
-0.00236613839062
-0.00222090435787
-0.00208858563769
-0.00196770116422
-0.00185697544897
-0.00175530538652
-0.00166173312837
-0.00157542379334
-0.00149564705669
-0.00142176186735
-0.00135320370211
-0.00128947388778
-0.00123013061756
-0.00117478136207
-0.00112307643334
-0.00107470350648
-0.00102938293976
-0.000986863763223
-0.000946920228961
-0.000909348835243
