10.0
6.80205827541
10.1371956433
9.00714589939
10.1483206463
9.75375693356
10.1429943993
10.0057099324
10.1383782157
10.0906880373
10.1358896488
10.1193606128
10.1347277936
10.1290478729
10.134220993
10.132322614
10.1340162885
10.1334209602
10.1339464797
10.1337795151
10.1339305534
10.1338910761
10.1339309725
10.1339239106
10.1339337491
10.133933188
10.1339355527
10.133935791
10.1339363804
10.133936543
10.133936703
10.1339367707
10.1339368183
10.1339368427
10.1339368577
10.133936866
10.1339368709
10.1339368737
10.1339368753
10.1339368762
10.1339368767
10.133936877
10.1339368772
10.1339368773
10.1339368774
10.1339368774
10.1339368774
10.1339368774
10.1339368774
10.1339368774
50.1339368774
36.6982007258
50.0765963472
45.5834816322
50.0495547944
48.547897386
50.0385111491
49.5367200902
50.0341970513
49.8665533412
50.0325290315
49.9766047353
50.0318591923
50.013357175
50.0315787263
50.0256308433
50.0314847267
50.0296987484
50.0314882035
50.0310150945
50.0315255913
50.0314241807
50.0315597034
50.0315459202
50.031580137
50.0315812118
50.0315898214
50.0315914893
50.0315937708
50.0315945784
50.0315952349
50.031595545
50.0315957481
50.0315958571
50.0315959228
50.0315959598
50.0315959814
50.0315959939
50.031596001
50.0315960052
50.0315960076
50.031596009
50.0315960098
50.0315960102
50.0315960105
50.0315960106
50.0315960107
50.0315960108
50.0315960108
50.0315960108
10.0315960108
23.4683789797
10.0299430929
14.6030479186
10.0634273216
11.6362253956
10.095748221
10.6399187759
10.1158501175
10.3045150089
10.1260727018
10.1914201541
10.1307644745
10.1532189411
10.1327963857
10.1403059216
10.1336149759
10.1359740468
10.13389505
10.1345589428
10.1339601875
10.134118122
10.1339595945
10.1339882107
10.1339490418
10.1339514832
10.133942041
10.1339411976
10.1339387888
10.1339382452
10.133937508
10.1339373574
10.1339370472
10.1339370825
10.1339368791
10.1339370089
10.1339368061
10.1339369982
10.1339367743
10.1339369971
10.1339367638
10.133936997
10.1339367596
10.1339369951
10.1339367674
10.1339369745
10.1339368001
10.1339369326
10.133936843
10.133936897
10.1339368647
10.1339368916
10.1339368558
10.1339369095
10.1339368352
10.1339369274
10.1339368232
10.1339369322
10.1339368257
10.133936923
10.1339368405
10.1339369045
10.13393686
10.1339368867
10.133936874
10.1339368773
10.1339368792
10.1339368753
10.1339368793
10.133936876
10.1339368783
10.1339368769
10.1339368777
10.1339368773
10.1339368775
10.1339368774
10.1339368774
10.1339368774
10.1339368774
10.1339368774
10.1339368774
10.1339368774
10.1339368774
10.1339368774
10.1339368774
10.1339368774
10.1339368774
10.1339368774
10.1339368774
10.1339368774
10.1339368774
10.1339368774
10.1339368774
10.1339368774
10.1339368774
10.1339368774
10.1339368774
10.1339368774
10.1339368774
10.1339368774
0.133936877433
3.44973998952
0.285377840402
1.26711713934
0.393321881672
0.557713659062
0.35329886278
0.325170338665
0.266696877028
0.232500496168
0.203570872125
0.18103499624
0.162686193378
0.147570754738
0.134922055588
0.124201547094
0.115011281965
0.107053363373
0.100100848641
0.0939782315352
0.0885479007345
0.083700596671
0.0793485722502
0.0754206161188
0.0718583796707
0.0686136305146
0.0656461736152
0.0629222599503
0.0604133555119
0.0580951797108
0.0559469473526
0.053950765983
0.052091152929
0.0503546453642
0.0487294832687
0.0472053499564
0.0457731583953
0.0444248742102
0.0431533682584
0.0419522931975
0.0408159796272
0.0397393482943
0.0387178355437
0.0377473297514
0.0368241169029
0.0359448338232
0.0351064278361
0.0343061218478
0.0335413840249
0.0328099013789
0.0321095566835
0.0314384082458
0.0307946721291
0.0301767064878
0.0295829977288
